date,open_price,high_price,low_price,close_price,adjusted_close_price,volume,dividend_amount,split coefficient,ticker,rolling62_adjustedclose
2022-05-02,71.52,72.39,70.42,71.24,62.9237908145008,875223.0,0.0,1.0,PNW,64.44973269302302
2022-05-03,71.73,73.04,71.42,72.22,63.789390407401,831765.0,0.0,1.0,PNW,64.48650728665855
2022-05-04,73.14,74.52,72.72,74.22,65.55592018883,1478820.0,0.0,1.0,PNW,64.54966257508919
2022-05-05,73.64,74.1,72.09,72.8,64.3016840440154,1287357.0,0.0,1.0,PNW,64.59667090894739
2022-05-06,72.91,74.38,72.47,74.12,65.4675936997585,1042854.0,0.0,1.0,PNW,64.65783845097737
2022-05-09,73.93,75.1425,72.9,74.25,65.5824181355514,949750.0,0.0,1.0,PNW,64.72240659546149
2022-05-10,74.43,75.13,71.79,72.62,64.1426963636868,665080.0,0.0,1.0,PNW,64.758685290562
2022-05-11,72.46,74.49,72.3594,73.69,65.0877897967513,784657.0,0.0,1.0,PNW,64.84146089944059
2022-05-12,73.8,73.8,72.16,73.38,64.8139776806298,824049.0,0.0,1.0,PNW,64.91615986740597
2022-05-13,73.77,73.77,72.4,73.24,64.6903205959297,481319.0,0.0,1.0,PNW,64.99660734338946
2022-05-16,73.47,74.02,72.58,73.73,65.1231203923799,583804.0,0.0,1.0,PNW,65.09177843837737
2022-05-17,74.01,74.5658,72.97,74.53,65.8297323049515,450469.0,0.0,1.0,PNW,65.19144821098466
2022-05-18,74.77,75.6,74.25,74.54,65.8385649538586,473571.0,0.0,1.0,PNW,65.28534762677474
2022-05-19,74.21,75.72,73.78,75.53,66.7129971956659,830146.0,0.0,1.0,PNW,65.39109828596372
2022-05-20,75.54,75.87,73.715,75.31,66.5186789197088,560861.0,0.0,1.0,PNW,65.49399634221604
2022-05-23,75.95,76.4256,74.8323,75.19,66.412687132823,542254.0,0.0,1.0,PNW,65.60841830533424
2022-05-24,75.52,77.7,74.44,77.58,68.5236902216307,664545.0,0.0,1.0,PNW,65.76505402670176
2022-05-25,77.79,78.16,77.35,77.78,68.7003431997736,541291.0,0.0,1.0,PNW,65.8596387631946
2022-05-26,78.18,79.01,77.95,78.32,69.1773062407594,444888.0,0.0,1.0,PNW,65.9782470946275
2022-05-27,78.12,78.98,78.105,78.72,69.5306121970452,493931.0,0.0,1.0,PNW,66.11677283085807
2022-05-31,77.88,78.31,77.1,77.65,68.5855187639807,743057.0,0.0,1.0,PNW,66.22879261243627
2022-06-01,77.66,77.72,76.52,77.43,68.3912004880235,460902.0,0.0,1.0,PNW,66.30135662648132
2022-06-02,77.81,77.81,75.86,77.58,68.5236902216307,453260.0,0.0,1.0,PNW,66.3584598964268
2022-06-03,77.36,77.88,77.28,77.49,68.4441963814664,308613.0,0.0,1.0,PNW,66.40132911864889
2022-06-06,77.71,78.21,77.35,78.1,68.9829879648022,329225.0,0.0,1.0,PNW,66.47752527310047
2022-06-07,78.12,78.12,76.15,77.22,68.2057148609735,620242.0,0.0,1.0,PNW,66.54639367647194
2022-06-08,76.92,76.92,74.315,74.57,65.86506290058,1167835.0,0.0,1.0,PNW,66.56371305144451
2022-06-09,74.69,75.46,73.29,73.41,64.8404756273512,708575.0,0.0,1.0,PNW,66.57112355114378
2022-06-10,72.39,74.51,72.39,73.73,65.1231203923799,733685.0,0.0,1.0,PNW,66.5899911260882
2022-06-13,73.31,73.87,70.86,71.28,62.9591214101293,1181242.0,0.0,1.0,PNW,66.56691642152677
2022-06-14,70.85,70.995,67.18,68.19,60.2298328978215,812218.0,0.0,1.0,PNW,66.49573827384222
2022-06-15,68.55,69.66,67.1801,68.36,60.379987929243,1367200.0,0.0,1.0,PNW,66.42332166504353
2022-06-16,67.61,68.265,67.07,67.48,59.6027148254143,1626908.0,0.0,1.0,PNW,66.35737388258958
2022-06-17,67.66,68.095,65.13,65.92,58.2248215958996,1351540.0,0.0,1.0,PNW,66.25329371732938
2022-06-21,66.29,67.97,66.05,67.29,59.4348944961785,925480.0,0.0,1.0,PNW,66.1783039922684
2022-06-22,67.05,68.82,67.05,68.31,60.3358246847073,763206.0,0.0,1.0,PNW,66.11390352001621
2022-06-23,68.54,70.24,68.49,69.96,61.7932117543862,805741.0,0.0,1.0,PNW,66.06963053716831
2022-06-24,70.18,72.2394,70.08,71.75,63.3742559087652,1063402.0,0.0,1.0,PNW,66.02213886041977
2022-06-27,71.76,72.79,71.46,72.79,64.2928513951082,440776.0,0.0,1.0,PNW,65.9790454161328
2022-06-28,73.02,73.555,72.89,73.16,64.6196594046726,637949.0,0.0,1.0,PNW,65.92939743098157
2022-06-29,73.31,73.83,71.52,72.3,63.8600515986581,1220966.0,0.0,1.0,PNW,65.86566754879382
2022-06-30,71.53,73.58,71.505,73.12,64.584328809044,710912.0,0.0,1.0,PNW,65.80784751960212
2022-07-01,73.35,74.91,73.07,74.68,65.9622220385586,717696.0,0.0,1.0,PNW,65.75507624367752
2022-07-05,74.06,74.5795,70.13,71.66,63.2947620686008,930776.0,0.0,1.0,PNW,65.66617970856278
2022-07-06,71.68,72.55,70.83,71.9,63.5067456423723,884082.0,0.0,1.0,PNW,65.5853480496233
2022-07-07,72.12,72.41,70.96,71.32,62.9944520057579,578354.0,0.0,1.0,PNW,65.46823809103672
2022-07-08,71.47,71.49,70.38,70.87,62.5969828049364,699830.0,0.0,1.0,PNW,65.36738314465786
2022-07-11,70.8,71.58,70.36,71.47,63.1269417393651,607013.0,0.0,1.0,PNW,65.27563904863705
2022-07-12,71.16,71.89,70.615,71.0,62.7118072407293,635600.0,0.0,1.0,PNW,65.18606846324082
2022-07-13,70.13,70.75,69.585,69.95,61.7843791054791,882752.0,0.0,1.0,PNW,65.08125779672953
2022-07-14,68.7,70.575,68.7,70.42,62.1995136041149,670328.0,0.0,1.0,PNW,64.99567239274236
2022-07-15,70.95,71.005,69.39,70.74,62.4821583691435,803392.0,0.0,1.0,PNW,64.91183014724201
2022-07-18,70.35,70.81,69.65,69.93,61.7667138076648,770456.0,0.0,1.0,PNW,64.8220797294225
2022-07-19,70.28,70.6,69.75,70.21,62.0140279770648,720132.0,0.0,1.0,PNW,64.7267451144631
2022-07-20,70.48,70.5,69.01,69.66,61.5282322871719,717649.0,0.0,1.0,PNW,64.62160414551849
2022-07-21,69.57,69.655,68.92,69.39,61.2897507666789,656095.0,0.0,1.0,PNW,64.51346138885063
2022-07-22,69.8,70.37,69.3,70.24,62.0405259237863,345069.0,0.0,1.0,PNW,64.4255932302434
2022-07-25,70.06,71.47,69.85,71.43,63.0916111437365,627878.0,0.0,1.0,PNW,64.3622802547786
2022-07-26,71.21,72.47,71.21,72.27,63.8335536519367,646966.0,0.0,1.0,PNW,64.33022114607651
2022-07-27,72.06,72.33,71.37,72.07,63.6569006737938,495926.0,0.0,1.0,PNW,64.30939093602089
2022-07-28,72.87,73.82,72.14,73.69,65.0877897967513,680215.0,0.0,1.0,PNW,64.31023176876423
2022-07-29,72.56,73.64,72.535,73.47,65.6442466779014,1556793.0,0.85,1.0,PNW,64.35467993745826
2022-08-01,73.63,74.15,73.02,73.81,65.9480311323792,889413.0,0.0,1.0,PNW,64.40345800710145
2022-08-02,74.11,74.72,73.46,73.77,65.9122917847936,1089433.0,0.0,1.0,PNW,64.4376983518981
2022-08-03,74.3,75.6,73.32,75.27,67.2525173192547,1467261.0,0.0,1.0,PNW,64.46506282174366
2022-08-04,75.33,77.24,75.01,76.57,68.4140461157875,1342949.0,0.0,1.0,PNW,64.53139124225612
2022-08-05,76.49,76.49,74.19,75.42,67.3865398727008,898776.0,0.0,1.0,PNW,64.562341986981
2022-08-08,76.09,76.2,75.0,75.57,67.5205624261469,575769.0,0.0,1.0,PNW,64.59360237876479
2022-08-09,76.0,76.33,75.43,76.3,68.1728055195846,599978.0,0.0,1.0,PNW,64.65860413934378
2022-08-10,76.57,76.57,76.005,76.45,68.3068280730307,684845.0,0.0,1.0,PNW,64.71052411154184
2022-08-11,76.36,76.92,75.615,75.7,67.6367153058002,808647.0,0.0,1.0,PNW,64.75605213775427
2022-08-12,76.01,77.34,76.01,77.32,69.084158883018,643354.0,0.0,1.0,PNW,64.82692049722343
2022-08-15,77.32,77.855,76.83,77.8,69.5130310540456,610703.0,0.0,1.0,PNW,64.89772550789546
2022-08-16,77.82,78.49,77.61,78.25,69.9150987143839,601801.0,0.0,1.0,PNW,64.96361851449922
2022-08-17,77.79,78.25,77.37,77.97,69.6649232812845,740398.0,0.0,1.0,PNW,65.02533397139318
2022-08-18,77.98,78.29,77.405,77.87,69.5755749123204,486333.0,0.0,1.0,PNW,65.07150457972631
2022-08-19,77.65,78.36,77.41,77.96,69.6559884443881,2891493.0,0.0,1.0,PNW,65.1221063462534
2022-08-22,77.39,77.57,76.425,76.86,68.6731563857833,815578.0,0.0,1.0,PNW,65.15856552775276
2022-08-23,77.01,77.02,75.908,76.25,68.1281313351025,459071.0,0.0,1.0,PNW,65.15218554571199
2022-08-24,76.29,76.52,75.655,75.98,67.8868907388995,443408.0,0.0,1.0,PNW,65.13906534473014
2022-08-25,76.22,77.06,75.75,77.05,68.8429182868151,411568.0,0.0,1.0,PNW,65.13367199063427
2022-08-26,77.19,77.3,75.88,75.92,67.8332817175211,538375.0,0.0,1.0,PNW,65.10629569257743
2022-08-29,75.73,76.58,75.23,76.14,68.0298481292421,381667.0,0.0,1.0,PNW,65.09733326298486
2022-08-30,76.12,76.52,75.16,75.39,67.3597353620115,706811.0,0.0,1.0,PNW,65.08069672869435
2022-08-31,75.56,75.7,75.07,75.35,67.3239960144259,1108954.0,0.0,1.0,PNW,65.06134682212652
2022-09-01,75.51,76.38,75.08,75.94,67.8511513913139,653161.0,0.0,1.0,PNW,65.05178158034988
2022-09-02,76.04,76.77,74.77,74.9,66.9219283540876,525828.0,0.0,1.0,PNW,65.01853868340287
2022-09-06,75.1,75.9,74.38,74.53,66.5913393889205,611110.0,0.0,1.0,PNW,64.99250036933749
2022-09-07,74.97,76.81,74.97,76.7,68.5301989954408,432784.0,0.0,1.0,PNW,65.03548643538365
2022-09-08,76.65,77.27,76.31,76.65,68.4855248109588,529628.0,0.0,1.0,PNW,65.09427755124828
2022-09-09,76.92,77.7,76.6,77.04,68.8339834499187,498769.0,0.0,1.0,PNW,65.15413018120859
2022-09-12,77.02,78.4,76.715,77.75,69.4683568695636,604701.0,0.0,1.0,PNW,65.25911784990913
2022-09-13,77.13,77.345,74.77,75.07,67.0738205813265,691286.0,0.0,1.0,PNW,65.36950474803018
2022-09-14,75.15,75.86,75.0,75.42,67.3865398727008,795495.0,0.0,1.0,PNW,65.48251365034402
2022-09-15,75.44,75.48,73.63,73.82,65.9569659692756,1036719.0,0.0,1.0,PNW,65.5850015720192
2022-09-16,73.71,74.165,73.3338,73.63,65.7872040682439,1170293.0,0.0,1.0,PNW,65.70697548286347
2022-09-19,73.37,74.76,73.15,74.69,66.734296779263,548123.0,0.0,1.0,PNW,65.82470777775193
2022-09-20,74.27,74.4003,73.0,73.31,65.5012892875589,593581.0,0.0,1.0,PNW,65.9080217229592
2022-09-21,73.67,74.44,72.75,72.76,65.0098732582565,557307.0,0.0,1.0,PNW,65.9599033601184
2022-09-22,72.5,73.37,72.23,72.7,64.9562642368781,523971.0,0.0,1.0,PNW,65.98541962347507
2022-09-23,71.99,72.0174,70.69,71.27,63.6785825606919,727849.0,0.0,1.0,PNW,65.97551206162964
2022-09-26,71.09,71.27,68.98,69.67,62.2490086572668,740795.0,0.0,1.0,PNW,65.93727575925213
2022-09-27,69.97,70.1344,68.14,68.25,60.980261817977,751992.0,0.0,1.0,PNW,65.89082753698308
2022-09-28,69.14,69.44,68.3,68.98,61.6325049114147,827578.0,0.0,1.0,PNW,65.84321747411809
2022-09-29,68.71,68.74,65.89,66.22,59.1664899280064,789148.0,0.0,1.0,PNW,65.73360889168983
2022-09-30,66.66,66.92,64.34,64.51,57.6386328187208,1264929.0,0.0,1.0,PNW,65.64238100056274
2022-10-03,65.83,66.79,64.88,66.03,58.9967280269747,1112051.0,0.0,1.0,PNW,65.56963878095954
2022-10-04,66.22,67.5753,66.02,67.0,59.8634072059262,790217.0,0.0,1.0,PNW,65.51913805838161
2022-10-05,66.03,66.204,64.86,65.29,58.3355500966406,817281.0,0.0,1.0,PNW,65.45040527276394
2022-10-06,65.02,65.02,62.68,62.73,56.0482318511604,1261167.0,0.0,1.0,PNW,65.33623253263161
2022-10-07,62.75,62.99,60.59,60.98,54.4846353942892,1033250.0,0.0,1.0,PNW,65.20353621252772
2022-10-10,61.08,61.8299,61.08,61.19,54.6722669691137,804260.0,0.0,1.0,PNW,65.08882472645733
2022-10-11,60.89,62.13,60.7,61.53,54.9760514235916,1467025.0,0.0,1.0,PNW,64.97231727193275
2022-10-12,61.34,61.465,59.52,59.76,53.3945852929276,1235340.0,0.0,1.0,PNW,64.82574351263895
2022-10-13,59.07,62.32,59.03,62.06,55.4495977791012,1185054.0,0.0,1.0,PNW,64.7238545444363
2022-10-14,62.68,63.145,61.06,61.79,55.2083571828982,894106.0,0.0,1.0,PNW,64.61408566065943
2022-10-17,62.59,63.73,62.41,62.61,55.9410138084035,631791.0,0.0,1.0,PNW,64.52396923358252
2022-10-18,63.81,64.675,63.5,64.41,57.5492844497568,734393.0,0.0,1.0,PNW,64.46363913169668
2022-10-19,63.53,64.249,63.11,64.05,57.2276303214861,680306.0,0.0,1.0,PNW,64.38601178327248
2022-10-20,63.97,64.065,62.39,62.65,55.9767531559892,661707.0,0.0,1.0,PNW,64.27125600927656
2022-10-21,63.24,64.56,62.58,64.18,57.3437832011394,1083151.0,0.0,1.0,PNW,64.16658229232821
2022-10-24,64.72,65.4,64.15,64.61,57.7279811876849,612529.0,0.0,1.0,PNW,64.0709545586813
2022-10-25,64.54,66.08,64.335,65.79,58.7822919414609,978995.0,0.0,1.0,PNW,63.969252980370165
2022-10-26,66.25,66.7234,65.505,66.04,59.0056628638711,932041.0,0.0,1.0,PNW,63.862179047885796
2022-10-27,66.71,67.5,66.32,66.47,59.3898608504166,617976.0,0.0,1.0,PNW,63.75640210785415
2022-10-28,66.81,68.435,66.66,68.3,61.024936002459,516284.0,0.0,1.0,PNW,63.67757378878424
2022-10-31,67.32,67.65,66.63,67.21,60.8239021722899,650110.0,0.865,1.0,PNW,63.573886447704155
2022-11-01,67.49,68.19,66.85,67.81,61.366891925353,796401.0,0.0,1.0,PNW,63.46022267043909
2022-11-02,67.39,68.96,67.2,67.29,60.8963008060316,1103756.0,0.0,1.0,PNW,63.35554139517023
2022-11-03,67.74,69.86,66.73,68.52,62.0094297998111,1346695.0,0.0,1.0,PNW,63.26665215926159
2022-11-04,68.56,69.67,68.07,69.52,62.914412721583,901704.0,0.0,1.0,PNW,63.18183937219705
2022-11-07,69.52,69.52,67.24,68.42,61.9189315076339,846084.0,0.0,1.0,PNW,63.07880878243258
2022-11-08,68.8,69.2069,68.04,68.29,61.8012837278036,711148.0,0.0,1.0,PNW,62.98468891827134
2022-11-09,68.0,70.38,67.86,69.86,63.2221069149854,1779936.0,0.0,1.0,PNW,62.8901396929805
2022-11-10,71.55,72.67,70.62,72.6,65.7017601206405,1019440.0,0.0,1.0,PNW,62.828667581151386
2022-11-11,72.6,72.6,71.05,71.64,64.8329765157394,572991.0,0.0,1.0,PNW,62.74669786827002
2022-11-14,71.84,72.3,71.15,71.15,64.3895348840712,728376.0,0.0,1.0,PNW,62.66161095863754
2022-11-15,72.0,73.94,72.0,73.88,66.8601382605085,1230813.0,0.0,1.0,PNW,62.617813593285746
2022-11-16,73.77,74.1,72.71,73.3,66.3352481658808,1056779.0,0.0,1.0,PNW,62.56425326621304
2022-11-17,72.57,72.7,71.61,72.31,65.4393150733266,670873.0,0.0,1.0,PNW,62.51209453536697
2022-11-18,73.08,73.91,72.79,73.73,66.7243908222427,857765.0,0.0,1.0,PNW,62.4894535593531
2022-11-21,73.95,75.36,73.82,75.21,68.0637655464651,722694.0,0.0,1.0,PNW,62.49230637882996
2022-11-22,75.56,76.21,75.41,76.16,68.9234993221484,627321.0,0.0,1.0,PNW,62.49360607294824
2022-11-23,76.23,76.58,75.46,76.39,69.131645394156,737458.0,0.0,1.0,PNW,62.51454742257139
2022-11-25,76.4,77.13,76.395,76.5,69.2311935155509,341854.0,0.0,1.0,PNW,62.53392396106024
2022-11-28,76.06,76.76,75.7,76.59,69.3126419785104,582935.0,0.0,1.0,PNW,62.565422454874735
2022-11-29,76.12,76.52,75.52,76.23,68.9868481266725,706635.0,0.0,1.0,PNW,62.59224265023356
2022-11-30,75.95,78.35,75.78,78.32,70.8782624331758,843992.0,0.0,1.0,PNW,62.64106702187649
2022-12-01,79.01,79.39,77.65,77.8,70.4076713138544,594133.0,0.0,1.0,PNW,62.697288682517886
2022-12-02,77.26,78.47,76.87,78.12,70.6972658488214,1602789.0,0.0,1.0,PNW,62.76351330283887
2022-12-05,77.48,78.33,76.9038,77.86,70.4619702891607,1090853.0,0.0,1.0,PNW,62.794670904350475
2022-12-06,77.88,78.74,76.97,78.06,70.6429668735151,1948303.0,0.0,1.0,PNW,62.82946835697235
2022-12-07,77.84,78.35,77.61,77.62,70.2447743879354,734129.0,0.0,1.0,PNW,62.85222304952101
2022-12-08,77.5,78.06,77.265,77.78,70.3895716554189,567477.0,0.0,1.0,PNW,62.867081352518674
2022-12-09,77.38,78.17,77.31,77.5,70.1361764373228,699985.0,0.0,1.0,PNW,62.91647418890572
2022-12-12,78.03,79.04,77.44,79.01,71.5027006491984,590398.0,0.0,1.0,PNW,62.98286387884922
2022-12-13,79.51,80.48,78.67,79.39,71.8465941594717,1262252.0,0.0,1.0,PNW,63.077857881916906
2022-12-14,79.48,80.6,78.9237,79.45,71.900893134778,677438.0,0.0,1.0,PNW,63.17646577008681
2022-12-15,79.16,79.25,78.02,78.62,71.1497573097074,1076571.0,0.0,1.0,PNW,63.24768287541656
2022-12-16,77.91,78.1,76.62,77.9,70.4981696060316,1750985.0,0.0,1.0,PNW,63.328277719262886
2022-12-19,77.85,78.31,76.81,77.28,69.937080194533,698059.0,0.0,1.0,PNW,63.407748798880256
2022-12-20,77.28,77.48,76.415,77.01,69.6927348056546,1499069.0,0.0,1.0,PNW,63.48414348547342
2022-12-21,77.55,77.815,77.18,77.45,70.0909272912342,1447702.0,0.0,1.0,PNW,63.587568400482176
2022-12-22,77.08,77.19,75.91,76.99,69.6746351472191,1280891.0,0.0,1.0,PNW,63.70733656967494
2022-12-23,76.88,77.97,76.8,77.93,70.5253190936847,416522.0,0.0,1.0,PNW,63.86128910637991
2022-12-27,78.1,78.1,77.22,77.71,70.3262228508949,720872.0,0.0,1.0,PNW,64.0015103634683
2022-12-28,77.84,78.1,76.78,76.81,69.5117382213002,808282.0,0.0,1.0,PNW,64.16836920690852
2022-12-29,77.24,77.76,77.05,77.13,69.8013327562672,745138.0,0.0,1.0,PNW,64.36454178654637
2022-12-30,77.21,77.36,75.57,76.04,68.8149013715358,571367.0,0.0,1.0,PNW,64.52289942113606
2023-01-03,76.25,76.4125,73.38,74.63,67.5388754518374,1442535.0,0.0,1.0,PNW,64.64669729607012
2023-01-04,75.1,76.095,74.63,75.39,68.2266624723841,954218.0,0.0,1.0,PNW,64.80623136664661
2023-01-05,74.88,75.095,73.305,73.65,66.651992188501,994775.0,0.0,1.0,PNW,64.97725975918438
2023-01-06,74.49,76.02,74.48,75.46,68.2900112769081,729810.0,0.0,1.0,PNW,65.19992711212984
2023-01-09,75.24,76.48,75.24,75.55,68.3714597398676,656127.0,0.0,1.0,PNW,65.42088183423877
2023-01-10,75.31,75.695,74.88,75.65,68.4619580320448,763256.0,0.0,1.0,PNW,65.63839645695576
2023-01-11,75.65,76.5,75.465,76.46,69.19499419868,720186.0,0.0,1.0,PNW,65.89324176188725
2023-01-12,76.5,77.18,76.04,76.2,68.9596986390193,727110.0,0.0,1.0,PNW,66.11114661446658
2023-01-13,75.78,75.935,74.96,75.37,68.2085628139486,651484.0,0.0,1.0,PNW,66.32082735045125
2023-01-17,75.53,75.79,75.01,75.11,67.9732672542879,764561.0,0.0,1.0,PNW,66.51489595441714
2023-01-18,75.12,75.29,74.01,74.39,67.3216795506122,988184.0,0.0,1.0,PNW,66.67251523023738
2023-01-19,74.6,74.75,73.775,74.19,67.1406829662578,902256.0,0.0,1.0,PNW,66.8324031761208
2023-01-20,74.2,75.4,73.18,75.36,68.1995129847309,1078820.0,0.0,1.0,PNW,67.02954446368116
2023-01-23,75.15,75.15,73.39,73.76,66.7515403098959,1044212.0,0.0,1.0,PNW,67.18128248156432
2023-01-24,73.76,74.36,72.82,74.06,67.0230351864274,746316.0,0.0,1.0,PNW,67.3312027073505
2023-01-25,73.7,74.1275,73.4,73.75,66.7424904806782,837182.0,0.0,1.0,PNW,67.45959300637013
2023-01-26,73.51,74.07,73.15,74.02,66.9868358695566,766648.0,0.0,1.0,PNW,67.58832160323603
2023-01-27,74.1,74.43,73.65,74.07,67.0320850156452,719597.0,0.0,1.0,PNW,67.71158328332034
2023-01-30,73.89,74.62,73.72,74.01,66.9777860403389,934622.0,0.0,1.0,PNW,67.80759699360873
2023-01-31,73.5,74.57,72.73,74.55,68.2492870454284,1760312.0,0.865,1.0,PNW,67.92736126575615
2023-02-01,74.21,76.835,73.94,76.53,70.061944166152,1761703.0,0.0,1.0,PNW,68.06760404383354
2023-02-02,76.59,78.23,76.2801,77.74,71.1696790732609,1030842.0,0.0,1.0,PNW,68.23330369330498
2023-02-03,77.46,77.46,74.69,75.88,69.4668799598539,1062112.0,0.0,1.0,PNW,68.35358514749922
2023-02-06,75.73,76.07,74.53,75.61,69.2196994433916,820061.0,0.0,1.0,PNW,68.4552833204316
2023-02-07,75.2,75.2,73.69,74.97,68.6337900710364,768622.0,0.0,1.0,PNW,68.56358749080907
2023-02-08,74.57,74.66,73.12,73.29,67.0957779686043,621086.0,0.0,1.0,PNW,68.64898255920907
2023-02-09,73.18,73.58,71.67,72.12,66.0246623972675,883375.0,0.0,1.0,PNW,68.69418506698781
2023-02-10,72.24,74.15,72.13,74.09,67.8281646840481,685051.0,0.0,1.0,PNW,68.72848191478474
2023-02-13,74.09,74.7,73.83,74.65,68.3408353848589,473589.0,0.0,1.0,PNW,68.7850602836415
2023-02-14,74.64,74.96,73.59,74.07,67.809855016162,549038.0,0.0,1.0,PNW,68.84022673738488
2023-02-15,73.83,74.76,73.35,74.65,68.3408353848589,576898.0,0.0,1.0,PNW,68.86410894906795
2023-02-16,73.9,74.885,73.56,74.28,68.0021065289661,660734.0,0.0,1.0,PNW,68.8909937613758
2023-02-17,74.66,75.68,74.005,75.1,68.7528029122961,1303993.0,0.0,1.0,PNW,68.94443711361724
2023-02-21,74.58,74.975,74.0077,74.14,67.8739388537634,566468.0,0.0,1.0,PNW,68.96297821089983
2023-02-22,74.14,74.6,73.33,73.6,67.3795778208387,786798.0,0.0,1.0,PNW,68.95194292500263
2023-02-23,73.3,74.0,73.17,73.38,67.1781714740917,715588.0,0.0,1.0,PNW,68.92379247584041
2023-02-24,72.78,73.58,72.45,73.38,67.1781714740917,1178224.0,0.0,1.0,PNW,68.89228483196842
2023-02-27,73.64,75.12,73.267,74.11,67.8464743519342,1737430.0,0.0,1.0,PNW,68.86995065191007
2023-02-28,73.65,75.44,73.13,73.68,67.4528164923831,1462953.0,0.0,1.0,PNW,68.83995346664996
2023-03-01,73.2,73.51,72.28,73.29,67.0957779686043,1153169.0,0.0,1.0,PNW,68.80945233506823
2023-03-02,73.11,75.29,72.56,75.27,68.9084350893279,1068350.0,0.0,1.0,PNW,68.77768092629647
2023-03-03,75.57,76.47,74.4,76.42,69.9612409927785,828774.0,0.0,1.0,PNW,68.77048043724686
2023-03-06,76.13,76.585,75.66,76.08,69.6499766387148,1018423.0,0.0,1.0,PNW,68.75358867579354
2023-03-07,76.13,76.39,74.55,75.7,69.302092948879,1694161.0,0.0,1.0,PNW,68.73488097675674
2023-03-08,75.9,77.41,75.48,77.06,70.5471503651336,1310938.0,0.0,1.0,PNW,68.7333355492022
2023-03-09,77.31,78.05,75.61,75.66,69.2654736131068,1137997.0,0.0,1.0,PNW,68.71754037541463
2023-03-10,75.81,76.12,73.55,74.01,67.7549260125038,707415.0,0.0,1.0,PNW,68.6750460908515
2023-03-13,73.91,76.925,73.53,75.45,69.0732221003028,862252.0,0.0,1.0,PNW,68.65790166606084
2023-03-14,77.07,78.54,76.775,77.89,71.3070015824067,1683878.0,0.0,1.0,PNW,68.6547452294997
2023-03-15,77.86,79.07,77.1275,78.21,71.5999562685842,1243540.0,0.0,1.0,PNW,68.65076719900149
2023-03-16,77.84,78.98,77.33,78.68,72.0302334639075,959843.0,0.0,1.0,PNW,68.65285333334229
2023-03-17,78.31,78.5308,76.85,77.64,71.0781307338304,2373083.0,0.0,1.0,PNW,68.65169806598945
2023-03-20,77.87,80.05,77.51,79.62,72.8907878545541,1114823.0,0.0,1.0,PNW,68.6902886829011
2023-03-21,79.67,79.7,76.515,77.4,70.8584147191973,1256763.0,0.0,1.0,PNW,68.70514891716988
2023-03-22,77.1,77.34,75.33,75.34,68.9725189269292,1055867.0,0.0,1.0,PNW,68.69353253202914
2023-03-23,74.99,76.35,73.82,74.1,67.8373195179912,940620.0,0.0,1.0,PNW,68.65718401955748
2023-03-24,74.13,77.23,74.02,77.22,70.6936277082224,969391.0,0.0,1.0,PNW,68.67361938344462
2023-03-27,77.4,78.11,77.15,77.28,70.7485567118807,644942.0,0.0,1.0,PNW,68.67721999018973
2023-03-28,77.17,78.35,76.78,77.57,71.0140468962291,705124.0,0.0,1.0,PNW,68.68831392640479
2023-03-29,78.06,78.77,77.81,78.45,71.8196722832174,555596.0,0.0,1.0,PNW,68.72553866933895
2023-03-30,78.8,79.23,78.57,79.09,72.4055816555725,531721.0,0.0,1.0,PNW,68.76754268384387
2023-03-31,79.17,79.69,78.47,79.24,72.5429041647183,796484.0,0.0,1.0,PNW,68.82767176115327
2023-04-03,78.74,79.08,77.94,78.47,71.8379819511035,759464.0,0.0,1.0,PNW,68.89701218856078
2023-04-04,78.58,78.84,77.84,78.68,72.0302334639075,851108.0,0.0,1.0,PNW,68.9583601077789
2023-04-05,78.87,80.67,78.755,80.63,73.815426082802,965258.0,0.0,1.0,PNW,69.07389936413858
2023-04-06,81.0,81.63,79.93,80.29,73.5041617287384,1197185.0,0.0,1.0,PNW,69.15799856497458
2023-04-10,79.91,80.465,79.59,80.42,73.623174569998,793946.0,0.0,1.0,PNW,69.2427036428799
2023-04-11,80.59,80.99,79.88,80.05,73.2844457141052,1012117.0,0.0,1.0,PNW,69.32048570226797
2023-04-12,80.2,80.62,79.54,79.83,73.0830393673581,922193.0,0.0,1.0,PNW,69.38319610821438
2023-04-13,79.33,80.18,78.12,79.69,72.9548716921554,853770.0,0.0,1.0,PNW,69.44763438326497
2023-04-14,78.81,79.08,78.19,78.48,71.8471367850465,587296.0,0.0,1.0,PNW,69.50632106021816
2023-04-17,78.83,79.32,78.4,79.31,72.6069880023196,407584.0,0.0,1.0,PNW,69.58105849163802
2023-04-18,79.22,79.565,78.41,79.01,72.3323429840281,912431.0,0.0,1.0,PNW,69.6618756437899
2023-04-19,79.21,79.99,78.86,79.98,73.2203618765039,534217.0,0.0,1.0,PNW,69.75993498105193
2023-04-20,80.15,80.33,79.45,80.21,73.430923057194,568647.0,0.0,1.0,PNW,69.84431256286585
2023-04-21,80.85,80.85,79.76,80.59,73.7788067470298,512490.0,0.0,1.0,PNW,69.9576555699164
2023-04-24,80.59,80.97,80.08,80.92,74.0809162671504,816187.0,0.0,1.0,PNW,70.07149236154096
2023-04-25,80.94,81.29,80.64,80.94,74.0992259350365,367498.0,0.0,1.0,PNW,70.19014938499835
2023-04-26,80.37,80.835,78.915,78.99,72.314033316142,620946.0,0.0,1.0,PNW,70.27607192445942
2023-04-27,79.06,79.7,78.7,79.63,72.8999426884971,587051.0,0.0,1.0,PNW,70.37071479015057
2023-04-28,78.65,79.08,78.23,78.46,72.6207202532342,484598.0,0.865,1.0,PNW,70.4617298581005
2023-05-01,78.46,79.67,78.22,78.92,73.0464853732506,804258.0,0.0,1.0,PNW,70.53910402467827
2023-05-02,79.0,79.0,77.19,78.44,72.6022087262769,719260.0,0.0,1.0,PNW,70.58007603371253
2023-05-03,78.92,79.545,78.27,78.42,72.5836971993197,607665.0,0.0,1.0,PNW,70.60288277768124
2023-05-04,78.76,80.45,76.76,79.69,73.7591791611041,1012254.0,0.0,1.0,PNW,70.67211340995947
2023-05-05,78.95,80.27,78.54,80.12,74.1571769906847,495621.0,0.0,1.0,PNW,70.75175014459323
2023-05-08,80.06,80.89,79.7,79.82,73.8795040863262,692526.0,0.0,1.0,PNW,70.83635843516241
2023-05-09,79.55,80.22,79.23,79.85,73.907271376762,492214.0,0.0,1.0,PNW,70.94622123206818
2023-05-10,80.55,80.9,79.6,80.66,74.65698821853,423292.0,0.0,1.0,PNW,71.08545229370145
2023-05-11,80.78,80.98,79.93,80.56,74.5644305837439,700880.0,0.0,1.0,PNW,71.19410174369654
2023-05-12,81.0,81.46,80.31,80.81,74.7958246707093,510993.0,0.0,1.0,PNW,71.29821447411348
2023-05-15,81.04,81.04,79.42,80.15,74.1849442811206,733273.0,0.0,1.0,PNW,71.40103849451604
2023-05-16,80.21,80.21,78.35,78.63,72.7780682323707,529191.0,0.0,1.0,PNW,71.47260676625011
2023-05-17,78.89,78.89,77.86,78.52,72.6762548341059,505175.0,0.0,1.0,PNW,71.54799625504268
2023-05-18,77.86,78.35,77.34,78.21,72.3893261662687,681687.0,0.0,1.0,PNW,71.6066498559132
2023-05-19,78.74,78.75,77.485,77.52,71.7506784862441,858100.0,0.0,1.0,PNW,71.6691779145016
2023-05-22,77.7,78.06,77.25,77.69,71.9080264653806,497309.0,0.0,1.0,PNW,71.74221740876841
2023-05-23,77.6,78.2955,77.14,77.65,71.8710034114661,482846.0,0.0,1.0,PNW,71.817908246468
2023-05-24,77.65,77.94,76.92,77.18,71.4359825279711,388271.0,0.0,1.0,PNW,71.88658261830476
2023-05-25,76.85,76.85,75.5125,76.39,70.7047772131603,423160.0,0.0,1.0,PNW,71.9326842773568
2023-05-26,76.45,76.85,75.76,76.8,71.0842635157836,677252.0,0.0,1.0,PNW,71.99125600354067
2023-05-30,76.94,77.63,76.44,76.61,70.9084040096899,619166.0,0.0,1.0,PNW,72.05274997194527
2023-05-31,76.84,77.79,76.26,77.28,71.5285401627573,798836.0,0.0,1.0,PNW,72.09500973119415
2023-06-01,77.35,77.56,75.74,76.07,70.4085927818445,712370.0,0.0,1.0,PNW,72.1022250826307
2023-06-02,75.56,77.5,75.0,77.36,71.6025862705862,859718.0,0.0,1.0,PNW,72.13371878637055
2023-06-05,77.17,78.465,77.07,77.76,71.9728168097309,524613.0,0.0,1.0,PNW,72.1767949776746
2023-06-06,78.21,79.72,77.94,79.43,73.5185293106601,1179464.0,0.0,1.0,PNW,72.22472044453795
2023-06-07,79.72,80.71,79.18,80.5,74.5088960028722,949407.0,0.0,1.0,PNW,72.30929177340514
2023-06-08,80.59,81.28,79.94,81.23,75.1845667368112,694318.0,0.0,1.0,PNW,72.42912468831331
2023-06-09,81.44,81.515,80.3,80.79,74.7773131437521,794739.0,0.0,1.0,PNW,72.52112615675604
2023-06-12,81.03,81.55,80.51,81.06,75.0272187576747,618405.0,0.0,1.0,PNW,72.58112965958294
2023-06-13,80.58,81.55,80.23,81.5,75.4344723507339,659339.0,0.0,1.0,PNW,72.642976693166
2023-06-14,81.57,82.55,81.47,82.02,75.915772051622,868801.0,0.0,1.0,PNW,72.7056466703872
2023-06-15,82.26,83.62,81.78,83.55,77.3319038638505,1035663.0,0.0,1.0,PNW,72.80651397893593
2023-06-16,83.98,84.59,82.96,83.25,77.054230959492,1514326.0,0.0,1.0,PNW,72.87366628708007
2023-06-20,83.25,83.25,81.78,82.63,76.4803736238177,901158.0,0.0,1.0,PNW,72.96434304360622
2023-06-21,82.48,83.56,81.41,83.12,76.93390603427,647777.0,0.0,1.0,PNW,73.09275251307946
2023-06-22,83.31,83.31,82.33,82.67,76.5173966777322,623669.0,0.0,1.0,PNW,73.23275375759141
2023-06-23,82.91,83.12,80.44,80.81,74.7958246707093,838803.0,0.0,1.0,PNW,73.2989182247283
2023-06-26,81.07,82.18,80.88,81.95,75.8509817072717,694494.0,0.0,1.0,PNW,73.38121540207331
2023-06-27,81.96,82.6,81.65,82.0,75.8972605246648,668693.0,0.0,1.0,PNW,73.45997691220936
2023-06-28,81.78,82.0,79.83,80.54,74.5459190567866,1256869.0,0.0,1.0,PNW,73.50394863436371
2023-06-29,79.83,81.57,79.75,80.73,74.7217785628804,796110.0,0.0,1.0,PNW,73.5413066489977
2023-06-30,80.96,81.726,80.46,81.46,75.3974492968194,610210.0,0.0,1.0,PNW,73.58734769951545
2023-07-03,81.4,82.025,81.13,81.74,75.6566106742207,369274.0,0.0,1.0,PNW,73.6489384853722
2023-07-05,81.39,83.155,81.25,82.68,76.5266524412108,502374.0,0.0,1.0,PNW,73.7214613721029
2023-07-06,82.15,82.15,81.16,82.05,75.9435393420579,440559.0,0.0,1.0,PNW,73.75578577951026
2023-07-07,81.64,82.77,81.47,81.92,75.8232144168359,985258.0,0.0,1.0,PNW,73.79318985512471
2023-07-10,81.7,82.205,80.59,81.38,75.3234031889905,561776.0,0.0,1.0,PNW,73.82061289736653
2023-07-11,81.51,82.18,81.28,82.17,76.0546085038013,475092.0,0.0,1.0,PNW,73.86529294236162
2023-07-12,82.53,83.38,82.22,83.34,77.1375328307996,594710.0,0.0,1.0,PNW,73.93068799822359
2023-07-13,83.08,83.8,82.52,83.25,77.054230959492,790072.0,0.0,1.0,PNW,73.99680669608385
2023-07-14,82.88,83.64,82.5,83.2,77.0079521420989,569271.0,0.0,1.0,PNW,74.08004565345568
2023-07-17,83.0,83.0,82.01,82.43,76.2952583542454,516951.0,0.0,1.0,PNW,74.13953388493836
2023-07-18,82.42,83.04,81.23,82.54,76.3970717525102,595749.0,0.0,1.0,PNW,74.20509402636547
2023-07-19,82.47,83.16,82.0,82.42,76.2860025907668,1789139.0,0.0,1.0,PNW,74.25453984433746
2023-07-20,82.93,84.97,82.38,84.5,78.2112013943192,1178494.0,0.0,1.0,PNW,74.33164110783949
2023-07-21,85.0,85.92,84.58,85.42,79.062731634352,690312.0,0.0,1.0,PNW,74.41686570279629
2023-07-24,85.32,85.735,84.71,85.33,78.9794297630445,543580.0,0.0,1.0,PNW,74.49587398498812
2023-07-25,85.27,86.03,84.94,85.24,78.8961278917369,498901.0,0.0,1.0,PNW,74.57324337138654
2023-07-26,85.09,85.999,84.36,84.74,78.433339717806,747341.0,0.0,1.0,PNW,74.67194186173593
2023-07-27,84.59,84.8131,83.24,84.03,77.7761805108242,1170314.0,0.0,1.0,PNW,74.75059085887025
2023-07-28,84.79,84.92,83.4,83.8,77.563297950816,684453.0,0.0,1.0,PNW,74.83030985399255
2023-07-31,83.24,83.379,82.48,82.82,77.4568566708119,1725056.0,0.865,1.0,PNW,74.90144487492094
2023-08-01,82.9,83.06,82.0,82.28,76.9518252460082,1349337.0,0.0,1.0,PNW,74.97159998007791
2023-08-02,82.45,83.165,81.87,82.57,77.2230458259954,774284.0,0.0,1.0,PNW,75.04642818373397
2023-08-03,81.89,82.35,79.3,79.3,74.1647999757955,1647000.0,0.0,1.0,PNW,75.05297045493866
2023-08-04,79.74,80.36,78.245,78.58,73.491424742724,790117.0,0.0,1.0,PNW,75.04223251545542
2023-08-07,78.82,79.115,76.59,76.62,71.6583477193626,1059465.0,0.0,1.0,PNW,75.00640741276247
2023-08-08,76.57,77.259,75.51,77.08,72.0885596738249,835618.0,0.0,1.0,PNW,74.97707335303767
2023-08-09,78.3,79.56,77.72,77.96,72.911573847579,1204927.0,0.0,1.0,PNW,74.94892150834492
2023-08-10,78.02,78.39,76.89,77.1,72.1072645414102,726005.0,0.0,1.0,PNW,74.90928979798471
2023-08-11,77.38,77.72,77.18,77.4,72.38783755519,415622.0,0.0,1.0,PNW,74.87045129612149
2023-08-14,77.39,77.39,76.6,77.35,72.3410753862267,535405.0,0.0,1.0,PNW,74.8407114752361
2023-08-15,76.77,76.99,76.45,76.65,71.6864050207405,1157916.0,0.0,1.0,PNW,74.82310400408078
2023-08-16,77.07,77.7,76.7,77.3,72.2943132172634,750252.0,0.0,1.0,PNW,74.81694365542202
2023-08-17,77.32,78.13,77.21,77.33,72.3223705186414,813348.0,0.0,1.0,PNW,74.81586372562157
2023-08-18,77.45,78.645,77.45,78.25,73.1827944275662,1062578.0,0.0,1.0,PNW,74.83896236983645
2023-08-21,78.19,78.19,76.68,77.68,72.6497057013845,950251.0,0.0,1.0,PNW,74.8509249381591
2023-08-22,78.59,79.06,78.1,78.7,73.6036539482359,1429814.0,0.0,1.0,PNW,74.87887091455862
2023-08-23,79.35,79.49,78.21,78.9,73.7907026240891,875622.0,0.0,1.0,PNW,74.9168502709476
2023-08-24,78.85,80.24,78.67,78.79,73.6878258523698,895282.0,0.0,1.0,PNW,74.96496395867679
2023-08-25,78.79,79.57,78.72,79.16,74.0338659026982,632772.0,0.0,1.0,PNW,75.0125381907238
2023-08-28,79.06,79.62,78.76,78.82,73.7158831537478,397984.0,0.0,1.0,PNW,75.05782011240215
2023-08-29,78.78,79.32,78.59,78.77,73.6691209847845,573932.0,0.0,1.0,PNW,75.09234560953162
2023-08-30,78.45,79.4,78.01,78.05,72.995745751713,791781.0,0.0,1.0,PNW,75.13407388323918
2023-08-31,78.29,78.476,77.06,77.27,72.2662559158855,728415.0,0.0,1.0,PNW,75.14477823235693
2023-09-01,77.67,77.7906,75.68,75.97,71.0504395228396,759360.0,0.0,1.0,PNW,75.12990117934254
2023-09-05,75.62,75.64,73.9494,74.08,69.2828295360269,847010.0,0.0,1.0,PNW,75.06158344104199
2023-09-06,74.1,75.5,73.72,75.44,70.5547605318286,882797.0,0.0,1.0,PNW,74.99780706247678
2023-09-07,76.07,76.6,75.595,75.98,71.0597919566323,752469.0,0.0,1.0,PNW,74.93127843699003
2023-09-08,76.14,76.765,75.83,76.62,71.6583477193626,512825.0,0.0,1.0,PNW,74.88097254304827
2023-09-11,76.14,77.19,76.14,76.52,71.5648233814359,863003.0,0.0,1.0,PNW,74.82512745633474
2023-09-12,76.73,76.93,76.0,76.48,71.5274136462653,546356.0,0.0,1.0,PNW,74.76211038045622
2023-09-13,76.2,77.725,76.2,77.42,72.4065424227754,624092.0,0.0,1.0,PNW,74.70550990257158
2023-09-14,77.92,78.71,77.6,78.7,73.6036539482359,575406.0,0.0,1.0,PNW,74.64537683941651
2023-09-15,79.18,79.31,78.38,78.62,73.5288344778946,1740470.0,0.0,1.0,PNW,74.58851560584237
2023-09-18,78.81,79.59,78.38,79.09,73.9683988661496,678522.0,0.0,1.0,PNW,74.54799988394448
2023-09-19,79.27,79.47,78.91,78.93,73.8187599254671,523082.0,0.0,1.0,PNW,74.49775559186702
2023-09-20,79.42,80.19,78.82,79.5,74.3518486516487,613028.0,0.0,1.0,PNW,74.46282739789793
2023-09-21,79.5,79.63,78.39,78.4,73.3230809344561,583085.0,0.0,1.0,PNW,74.43907346666805
2023-09-22,78.05,78.49,77.565,77.81,72.7712873406891,545988.0,0.0,1.0,PNW,74.38940097688446
2023-09-25,76.78,77.635,76.78,77.41,72.3971899889827,430865.0,0.0,1.0,PNW,74.33294822630893
2023-09-26,77.1,77.19,74.69,74.84,69.993614504269,608356.0,0.0,1.0,PNW,74.25952395933284
2023-09-27,74.52,75.29,73.935,74.16,69.3576490063681,489994.0,0.0,1.0,PNW,74.17300574067941
2023-09-28,74.46,74.555,73.24,73.47,68.7123310746746,651381.0,0.0,1.0,PNW,74.06518125322548
2023-09-29,74.19,74.585,73.17,73.68,68.9087321843205,516272.0,0.0,1.0,PNW,73.95634450338837
2023-10-02,73.23,73.335,70.58,71.27,66.6547956402893,954232.0,0.0,1.0,PNW,73.79712100659931
2023-10-03,70.56,72.18,69.63,71.87,67.215941667849,876970.0,0.0,1.0,PNW,73.65635330217658
2023-10-04,72.08,72.36,70.7601,71.74,67.0943600285444,901164.0,0.0,1.0,PNW,73.51556532817187
2023-10-05,72.03,72.45,71.465,72.14,67.4684573802508,737292.0,0.0,1.0,PNW,73.38887265383738
2023-10-06,71.36,72.72,69.56,72.36,67.6742109236893,908954.0,0.0,1.0,PNW,73.25370495093235
2023-10-09,71.95,73.1,71.75,73.04,68.3101764215902,618627.0,0.0,1.0,PNW,73.11132823465478
2023-10-10,73.2,74.32,73.01,74.17,69.3670014401608,836038.0,0.0,1.0,PNW,72.98734066176233
2023-10-11,74.52,75.735,74.31,75.44,70.5547605318286,709962.0,0.0,1.0,PNW,72.88325692611281
2023-10-12,75.2,75.93,74.06,74.8,69.9562047690984,882404.0,0.0,1.0,PNW,72.78101412635236
2023-10-13,75.43,75.976,75.17,75.69,70.7885713766452,747708.0,0.0,1.0,PNW,72.69055444287068
2023-10-16,75.92,76.71,75.65,76.53,71.5741758152286,527835.0,0.0,1.0,PNW,72.61455723681362
2023-10-17,76.05,76.86,75.76,76.18,71.2468406324855,622147.0,0.0,1.0,PNW,72.5022288374292
2023-10-18,76.15,76.29,75.27,75.72,70.8166286780231,838330.0,0.0,1.0,PNW,72.36922717684325
2023-10-19,75.78,76.36,75.25,75.3,70.4238264587314,497806.0,0.0,1.0,PNW,72.23123357516079
2023-10-20,75.48,75.8,74.22,74.23,69.4231160429168,642727.0,0.0,1.0,PNW,72.07844306147014
2023-10-23,73.17,74.21,72.888,73.07,68.3382337229682,922688.0,0.0,1.0,PNW,71.91561877123083
2023-10-24,73.84,74.6,73.65,74.35,69.5353452484287,978626.0,0.0,1.0,PNW,71.78270207345024
2023-10-25,74.06,74.91,74.06,74.37,69.554050116014,1002059.0,0.0,1.0,PNW,71.6535206567599
2023-10-26,74.6,75.87,74.31,75.09,70.2274253490855,1059473.0,0.0,1.0,PNW,71.5369169257643
2023-10-27,75.01,75.01,73.38,73.77,68.9929040884544,853134.0,0.0,1.0,PNW,71.40854722967472
2023-10-30,74.42,74.94,73.58,74.35,69.5353452484287,776806.0,0.0,1.0,PNW,71.28455205906882
2023-10-31,73.81,74.52,73.55,74.18,70.1993680477076,767473.0,0.88,1.0,PNW,71.22059347958351
2023-11-01,74.3,75.91,73.79,75.57,71.5147781526727,1035035.0,0.0,1.0,PNW,71.18871208296979
2023-11-02,74.3,76.27,74.16,75.17,71.1362428706683,1369903.0,0.0,1.0,PNW,71.1802910370231
2023-11-03,75.9,76.1,73.82,73.92,69.9533201144047,1244395.0,0.0,1.0,PNW,71.14585168929052
2023-11-06,73.92,73.92,72.76,72.84,68.931274852993,1265089.0,0.0,1.0,PNW,71.0816533184101
2023-11-07,72.96,73.01,72.2,72.21,68.3350817838361,722067.0,0.0,1.0,PNW,71.02081166102987
2023-11-08,71.78,71.78,70.1,70.95,67.1426956455224,874565.0,0.0,1.0,PNW,70.93621259797072
2023-11-09,71.14,71.84,70.6,71.02,67.2089393198732,985048.0,0.0,1.0,PNW,70.85343620980373
2023-11-10,71.28,71.28,70.04,70.46,66.6789899250671,985544.0,0.0,1.0,PNW,70.77267145019609
2023-11-13,70.54,70.6974,68.55,68.94,65.2405558534505,1118732.0,0.0,1.0,PNW,70.65890117013458
2023-11-14,70.31,72.44,70.16,72.42,68.5338128068884,1259004.0,0.0,1.0,PNW,70.5977954005902
2023-11-15,72.26,73.21,72.0,72.37,68.4864958966378,1468547.0,0.0,1.0,PNW,70.52204865009135
2023-11-16,72.86,73.14,72.255,72.39,68.5054226607381,1308453.0,0.0,1.0,PNW,70.45520537524222
2023-11-17,72.8,72.8,71.86,71.97,68.1079606146335,1007422.0,0.0,1.0,PNW,70.36656516018411
2023-11-20,71.5,72.03,70.67,71.72,67.8713760633808,1007226.0,0.0,1.0,PNW,70.27109215114042
2023-11-21,71.62,71.85,70.72,71.8,67.9470831197816,805635.0,0.0,1.0,PNW,70.17849952642126
2023-11-22,72.01,73.769,71.62,73.65,69.6978087990518,1583944.0,0.0,1.0,PNW,70.10856312152374
2023-11-24,73.58,73.98,72.91,73.26,69.3287368990975,559474.0,0.0,1.0,PNW,70.03780269806164
2023-11-27,73.47,73.81,72.98,73.75,69.7924426195529,1043378.0,0.0,1.0,PNW,69.97527562765468
2023-11-28,73.86,74.87,73.53,74.34,70.3507821605093,845894.0,0.0,1.0,PNW,69.93261492457076
2023-11-29,74.23,74.9,73.833,74.11,70.1331243733568,937189.0,0.0,1.0,PNW,69.8982095771106
2023-11-30,74.23,75.12,74.05,74.94,70.9185850835158,895162.0,0.0,1.0,PNW,69.89608289260539
2023-12-01,74.89,75.1483,74.37,75.08,71.0510724322174,592856.0,0.0,1.0,PNW,69.92460293931813
2023-12-04,74.52,75.53,74.52,75.09,71.0605358142675,505221.0,0.0,1.0,PNW,69.93276060516392
2023-12-05,75.01,75.175,74.495,74.82,70.8050244989145,650594.0,0.0,1.0,PNW,69.92865145262009
2023-12-06,75.24,76.21,75.1,76.21,72.1204346038796,733508.0,0.0,1.0,PNW,69.93610446688648
2023-12-07,76.3,76.3,75.58,76.05,71.9690204910779,962318.0,0.0,1.0,PNW,69.94262377510653
2023-12-08,76.05,76.24,75.15,75.3,71.2592668373197,1228794.0,0.0,1.0,PNW,69.93829882657514
2023-12-11,74.99,75.902,74.67,75.65,71.5904852090736,703988.0,0.0,1.0,PNW,69.92513661345092
2023-12-12,75.7,75.7,73.85,74.2,70.2182948118078,1380759.0,0.0,1.0,PNW,69.87053404673433
2023-12-13,74.2,77.23,73.66,77.14,73.0005291345398,1252884.0,0.0,1.0,PNW,69.86201299280926
2023-12-14,76.99,77.08,74.67,74.71,70.7009272963633,1497224.0,0.0,1.0,PNW,69.80931183845786
2023-12-15,73.72,74.05,72.67,73.72,69.7640524734025,3150639.0,0.0,1.0,PNW,69.74391333116651
2023-12-18,73.72,73.82,72.41,72.56,68.6663001555899,1136581.0,0.0,1.0,PNW,69.6522109360688
2023-12-19,72.62,72.8625,71.99,72.68,68.7798607401912,742482.0,0.0,1.0,PNW,69.57893319099999
2023-12-20,72.57,72.91,70.63,70.73,66.93450124042,1687230.0,0.0,1.0,PNW,69.48479147970532
2023-12-21,70.89,71.525,70.4,70.81,67.0102082968209,760372.0,0.0,1.0,PNW,69.39790467821885
2023-12-22,71.33,71.88,70.9258,71.13,67.3130365224243,686479.0,0.0,1.0,PNW,69.35466954947941
2023-12-26,71.25,71.81,71.11,71.35,67.5212309275267,452463.0,0.0,1.0,PNW,69.32504990304649
2023-12-27,71.34,71.45,70.58,70.8,67.0007449147708,681411.0,0.0,1.0,PNW,69.29744367466094
2023-12-28,70.81,71.945,70.73,71.84,67.9849366479821,773448.0,0.0,1.0,PNW,69.28254374665548
2023-12-29,71.42,71.87,71.26,71.84,67.9849366479821,509278.0,0.0,1.0,PNW,69.30399763387634
2024-01-02,71.69,73.21,71.69,73.21,69.281419988847,716085.0,0.0,1.0,PNW,69.33731180034405
2024-01-03,73.23,74.05,72.695,74.02,70.0479539349058,1117861.0,0.0,1.0,PNW,69.38495041173698
2024-01-04,74.05,74.88,73.43,74.32,70.3318553964091,860513.0,0.0,1.0,PNW,69.43113425070727
2024-01-05,74.4,75.18,73.9,74.33,70.3413187784592,1169878.0,0.0,1.0,PNW,69.4741521193326
2024-01-08,74.33,74.53,73.81,74.49,70.4927328912609,742062.0,0.0,1.0,PNW,69.50935464303696
2024-01-09,74.0,74.23,73.5575,73.91,69.9438567323546,598410.0,0.0,1.0,PNW,69.518658760653
2024-01-10,73.88,74.1,73.44,73.53,69.5842482144505,472810.0,0.0,1.0,PNW,69.50300533617914
2024-01-11,73.15,73.15,70.8,71.03,67.2184027019233,722026.0,0.0,1.0,PNW,69.4588472383215
2024-01-12,71.34,71.75,70.94,71.25,67.4265971070257,681224.0,0.0,1.0,PNW,69.40462184687601
2024-01-16,70.88,70.92,69.63,69.86,66.1111870020605,1468002.0,0.0,1.0,PNW,69.31650912408297
2024-01-17,69.59,70.67,67.35,69.88,66.1301137661607,3414673.0,0.0,1.0,PNW,69.23398127140032
2024-01-18,69.7,70.46,69.16,69.29,65.5717742252043,1920908.0,0.0,1.0,PNW,69.14938684474194
2024-01-19,69.53,69.81,68.88,69.63,65.893529214908,1195695.0,0.0,1.0,PNW,69.0763175343577
2024-01-22,70.4,70.46,69.25,69.4,65.6758714277555,1169010.0,0.0,1.0,PNW,69.0158781050809
2024-01-23,69.27,69.8899,68.54,69.63,65.893529214908,1173389.0,0.0,1.0,PNW,68.97644738720898
2024-01-24,70.45,70.45,67.94,68.2,64.5402655817425,2084035.0,0.0,1.0,PNW,68.89588158613338
2024-01-25,69.01,70.12,68.1775,69.99,66.2342109687119,1516103.0,0.0,1.0,PNW,68.84233579343496
2024-01-26,70.33,71.37,70.16,71.37,67.540157691627,2242214.0,0.0,1.0,PNW,68.79899276670176
2024-01-29,71.03,71.38,70.25,70.26,66.4897222840649,1333015.0,0.0,1.0,PNW,68.75861886663095
2024-01-30,70.2,70.93,69.69,70.42,66.6411363968666,918302.0,0.0,1.0,PNW,68.71193807870253
2024-01-31,70.23,70.3,68.62,68.9,66.0354799456597,1619124.0,0.88,1.0,PNW,68.64477859318563
2024-02-01,68.59,70.17,68.22,70.13,67.2143426500597,1032777.0,0.0,1.0,PNW,68.57541673024026
2024-02-02,69.2,69.78,67.78,68.7,65.8437949530743,924243.0,0.0,1.0,PNW,68.49005466705327
2024-02-05,67.99,68.4,67.18,67.81,64.9907967360694,853707.0,0.0,1.0,PNW,68.4100139674027
2024-02-06,67.65,68.22,67.495,68.08,65.2495714760596,596738.0,0.0,1.0,PNW,68.35063165487152
2024-02-07,68.44,68.65,67.08,67.24,64.4444945072011,1161572.0,0.0,1.0,PNW,68.28788024718385
2024-02-08,67.05,67.06,65.2,66.39,63.6298332887133,1847028.0,0.0,1.0,PNW,68.23122117691273
2024-02-09,66.39,67.03,66.18,67.0,64.2144725160986,1060555.0,0.0,1.0,PNW,68.18292332523895
2024-02-12,67.0,68.1,66.48,68.09,65.2591557256889,1246999.0,0.0,1.0,PNW,68.16002277363609
2024-02-13,67.87,68.04,66.26,67.17,64.3774047597962,1453402.0,0.0,1.0,PNW,68.14610098180296
2024-02-14,67.2,67.42,66.6404,66.85,64.0707087716596,1463779.0,0.0,1.0,PNW,68.07411543284763
2024-02-15,67.04,67.9975,67.04,67.9,65.0770549827328,1535085.0,0.0,1.0,PNW,68.0191244503653
2024-02-16,67.6,68.22,67.21,67.92,65.0962234819913,2508997.0,0.0,1.0,PNW,67.96413736683714
2024-02-20,68.12,69.49,67.9,69.1,66.227164938245,1126523.0,0.0,1.0,PNW,67.93380195270183
2024-02-21,69.49,70.21,69.03,70.17,67.2526796485767,1374182.0,0.0,1.0,PNW,67.9238229782695
2024-02-22,69.7,70.74,69.2,70.21,67.2910166470938,1546036.0,0.0,1.0,PNW,67.91324126096808
2024-02-23,70.47,71.13,70.0,70.5,67.5689598863426,1836915.0,0.0,1.0,PNW,67.87890498818246
2024-02-26,70.14,70.28,68.555,69.27,66.3900971819426,2591624.0,0.0,1.0,PNW,67.83150757338963
2024-02-27,69.87,70.11,68.59,69.01,66.1409066915816,3140972.0,0.0,1.0,PNW,67.77261183261591
2024-02-28,69.11,69.11,66.77,66.9,64.118630019806,1263912.0,0.0,1.0,PNW,67.67209324970133
2024-02-29,67.89,69.6,67.51,68.33,65.4891777167913,6148293.0,0.0,1.0,PNW,67.59719088427286
2024-03-01,68.21,68.435,67.521,68.05,65.2208187271718,3184521.0,0.0,1.0,PNW,67.50529142691248
2024-03-04,67.71,69.07,67.69,68.89,66.0258956960304,1323272.0,0.0,1.0,PNW,67.42424018923204
2024-03-05,69.37,69.925,67.735,68.61,65.7575367064109,2331923.0,0.0,1.0,PNW,67.33870794555693
2024-03-06,69.11,70.11,68.92,69.76,66.8597254137767,1177331.0,0.0,1.0,PNW,67.27507408934504
2024-03-07,70.37,71.6,70.03,71.37,68.402789604089,1456000.0,0.0,1.0,PNW,67.21511207321937
2024-03-08,71.4,72.08,71.025,71.7,68.7190698418548,1488184.0,0.0,1.0,PNW,67.16269351436094
2024-03-11,72.08,72.52,71.44,72.3,69.2941248196109,1307661.0,0.0,1.0,PNW,67.13099767536563
2024-03-12,72.03,72.06,70.461,70.81,67.8660716248499,1167747.0,0.0,1.0,PNW,67.07092648852331
2024-03-13,71.27,71.91,71.17,71.47,68.4986321003816,1179619.0,0.0,1.0,PNW,67.04318999317775
2024-03-14,70.99,71.195,69.5,70.81,67.8660716248499,1187199.0,0.0,1.0,PNW,66.96037616237628
2024-03-15,70.28,71.23,70.26,70.98,68.0290038685475,2200974.0,0.0,1.0,PNW,66.91728062321798
2024-03-18,72.4,72.8,71.545,72.08,69.083271327767,1759449.0,0.0,1.0,PNW,66.90630028215934
2024-03-19,72.23,72.78,71.61,72.5,69.4858098121963,1188741.0,0.0,1.0,PNW,66.91951817984652
2024-03-20,72.39,73.38,72.17,72.78,69.7541688018158,925204.0,0.0,1.0,PNW,66.93523282600175
2024-03-21,73.01,73.44,72.6255,72.88,69.8500112981085,608421.0,0.0,1.0,PNW,66.98225718177093
2024-03-22,73.27,73.51,72.69,73.01,69.974606543289,800638.0,0.0,1.0,PNW,67.03007005671397
2024-03-25,73.39,73.485,72.5,72.59,69.5720680588597,805844.0,0.0,1.0,PNW,67.06650604923712
2024-03-26,72.52,72.765,71.99,71.99,68.9970130811036,892317.0,0.0,1.0,PNW,67.09030898719804
2024-03-27,72.36,74.11,72.19,74.03,70.9522000054744,1500538.0,0.0,1.0,PNW,67.15404213382229
2024-03-28,74.19,74.79,73.9,74.73,71.6230974795232,903242.0,0.0,1.0,PNW,67.21272214723425
2024-04-01,74.61,74.61,73.61,74.05,70.9713685047329,704399.0,0.0,1.0,PNW,67.2608904029883
2024-04-02,74.07,74.77,73.93,74.04,70.9617842551036,762279.0,0.0,1.0,PNW,67.28799305244404
2024-04-03,73.95,74.015,72.96,73.08,70.0416962906939,1070381.0,0.0,1.0,PNW,67.2878921226987
2024-04-04,73.57,73.6,72.68,73.02,69.9841907929183,739203.0,0.0,1.0,PNW,67.28228462909401
2024-04-05,72.62,73.02,72.08,72.76,69.7350003025573,505565.0,0.0,1.0,PNW,67.27250529883752
2024-04-08,72.87,74.33,72.87,74.08,71.0001212536207,756283.0,0.0,1.0,PNW,67.28068898210138
2024-04-09,74.35,74.67,73.95,74.62,71.5176707336012,1050402.0,0.0,1.0,PNW,67.30607307889568
2024-04-10,73.35,73.46,71.97,72.2,69.1982823233182,911924.0,0.0,1.0,PNW,67.2998478225871
2024-04-11,72.67,72.7,71.56,72.21,69.2078665729475,1499971.0,0.0,1.0,PNW,67.3319359495391
2024-04-12,72.45,73.02,71.97,72.24,69.2366193218353,1565139.0,0.0,1.0,PNW,67.36112985622957
2024-04-15,72.55,72.81,71.57,72.11,69.1120240766548,1478990.0,0.0,1.0,PNW,67.4095304542069
2024-04-16,71.89,71.89,70.725,71.21,68.2494416100207,1418552.0,0.0,1.0,PNW,67.44371316136593
2024-04-17,71.79,72.245,71.15,71.97,68.9778445818451,801928.0,0.0,1.0,PNW,67.49864978002142
2024-04-18,72.25,73.31,71.99,72.97,69.9362695447719,817106.0,0.0,1.0,PNW,67.56385526921278
2024-04-19,73.03,74.49,72.98,74.4,71.3068172417573,689636.0,0.0,1.0,PNW,67.65467697589024
2024-04-22,74.12,74.9325,73.755,74.7,71.5943447306354,627649.0,0.0,1.0,PNW,67.74662561324068
2024-04-23,74.55,75.28,74.37,74.5,71.40265973805,698817.0,0.0,1.0,PNW,67.85730938995532
2024-04-24,73.64,74.96,73.06,74.54,71.4409967365671,931856.0,0.0,1.0,PNW,67.94128980556587
2024-04-25,74.34,74.815,73.58,74.2,71.1151322491719,766728.0,0.0,1.0,PNW,67.9989506855263
2024-04-26,74.15,74.63,73.67,73.69,70.6263355180792,864408.0,0.0,1.0,PNW,68.06567025381683
2024-04-29,73.99,75.145,73.99,74.91,71.79561397285,738990.0,0.0,1.0,PNW,68.14880698891334
2024-04-30,73.89,74.32,72.7803,73.65,71.4314124869378,1049257.0,0.88,1.0,PNW,68.23583815893394
2024-05-01,73.5,75.54,73.14,74.94,72.6825533166479,1097106.0,0.0,1.0,PNW,68.32403510516924
2024-05-02,76.0,76.075,74.82,75.04,72.7795409778658,1045691.0,0.0,1.0,PNW,68.43590197653685
2024-05-03,75.72,76.07,75.0,75.79,73.5069484369995,1042561.0,0.0,1.0,PNW,68.57325926203573
2024-05-06,76.0,76.175,75.41,76.01,73.7203212916788,708389.0,0.0,1.0,PNW,68.70988425906184
2024-05-07,76.49,76.81,75.97,76.41,74.1082719365501,988136.0,0.0,1.0,PNW,68.86575163695457
2024-05-08,76.01,76.97,75.77,76.63,74.3216447912294,869529.0,0.0,1.0,PNW,69.03820020957579
2024-05-09,76.6,77.64,76.5,77.4,75.0684497826067,1002041.0,0.0,1.0,PNW,69.2132643590356
2024-05-10,77.67,77.72,76.83,77.24,74.9132695246582,695341.0,0.0,1.0,PNW,69.36897587192222
2024-05-13,77.37,77.74,76.64,76.96,74.6417040732482,717407.0,0.0,1.0,PNW,69.53452908665531
2024-05-14,77.34,77.5774,76.8475,77.0,74.6804991377354,716637.0,0.0,1.0,PNW,69.70565473772105
2024-05-15,77.76,78.1,77.44,77.54,75.2042325083117,919578.0,0.0,1.0,PNW,69.86899631071425
2024-05-16,77.6,78.185,77.32,77.82,75.4757979597216,492183.0,0.0,1.0,PNW,70.03640880229055
2024-05-17,77.94,78.49,77.47,78.44,76.0771214592722,590926.0,0.0,1.0,PNW,70.19527906875872
2024-05-20,78.65,78.65,77.77,78.01,75.6600745160356,486705.0,0.0,1.0,PNW,70.33088221178227
2024-05-21,78.09,78.77,77.95,78.62,76.2516992494644,550736.0,0.0,1.0,PNW,70.47540935053017
2024-05-22,78.22,78.4,77.59,77.77,75.4273041291127,684041.0,0.0,1.0,PNW,70.60215683831677
2024-05-23,77.4,77.4,76.42,76.48,74.1761632994026,715948.0,0.0,1.0,PNW,70.72773854988873
2024-05-24,76.59,76.95,76.17,76.82,74.5059213475433,430375.0,0.0,1.0,PNW,70.86265814111391
2024-05-28,76.83,77.29,76.42,76.48,74.1761632994026,531065.0,0.0,1.0,PNW,71.02487641981708
2024-05-29,75.74,76.17,75.45,75.73,73.4487558402688,604584.0,0.0,1.0,PNW,71.15325671213122
2024-05-30,76.11,77.06,75.76,77.02,74.6998966699789,704076.0,0.0,1.0,PNW,71.30614506604748
2024-05-31,77.4,78.89,77.21,78.86,76.4844696363872,824694.0,0.0,1.0,PNW,71.47483174250483
2024-06-03,76.99,78.44,76.64,76.92,74.6029090087611,2645230.0,0.0,1.0,PNW,71.61749903770405
2024-06-04,76.45,78.86,76.32,78.0,75.6503757499137,2744010.0,0.0,1.0,PNW,71.75928372054494
2024-06-05,77.93,78.0,77.01,77.15,74.8259806295621,976024.0,0.0,1.0,PNW,71.86288357579453
2024-06-06,77.52,77.82,76.4336,76.55,74.2440546622551,1057505.0,0.0,1.0,PNW,71.95199623418809
2024-06-07,75.83,76.57,75.68,75.69,73.4099607757817,780789.0,0.0,1.0,PNW,72.01838068509406
2024-06-10,75.5,76.295,75.09,75.82,73.5360447353649,806491.0,0.0,1.0,PNW,72.10983186429591
2024-06-11,75.18,76.71,75.01,76.58,74.2731509606205,1094918.0,0.0,1.0,PNW,72.20296926526751
2024-06-12,77.49,77.72,75.9125,76.66,74.3507410895947,1403263.0,0.0,1.0,PNW,72.30756070824728
2024-06-13,76.77,77.34,76.16,76.92,74.6029090087611,1381475.0,0.0,1.0,PNW,72.41359143631522
2024-06-14,76.49,76.9,76.14,76.49,74.1858620655244,1216170.0,0.0,1.0,PNW,72.49589128692422
2024-06-17,76.01,76.735,75.8,75.85,73.5651410337302,787589.0,0.0,1.0,PNW,72.56168695178768
2024-06-18,75.5,76.22,74.64,74.74,72.4885779942122,933374.0,0.0,1.0,PNW,72.60579032585856
2024-06-20,74.77,75.745,74.71,75.49,73.215985453346,881076.0,0.0,1.0,PNW,72.66008023158822
2024-06-21,75.72,76.0,74.54,74.61,72.362494034629,2108584.0,0.0,1.0,PNW,72.69859454596467
2024-06-24,74.56,76.01,74.56,75.73,73.4487558402688,1057087.0,0.0,1.0,PNW,72.76112176824547
2024-06-25,75.76,75.86,75.01,75.22,72.9541187680579,653859.0,0.0,1.0,PNW,72.82494605351891
2024-06-26,74.8,75.75,74.45,75.64,73.3614669451728,785314.0,0.0,1.0,PNW,72.8638051977076
2024-06-27,75.65,76.27,75.26,75.94,73.6524299288263,1139621.0,0.0,1.0,PNW,72.89653636624473
2024-06-28,76.26,76.86,75.8,76.38,74.0791756381848,1861656.0,0.0,1.0,PNW,72.94666228775203
2024-07-01,76.8,77.18,75.47,75.72,73.439057074147,609559.0,0.0,1.0,PNW,72.98661830096242
2024-07-02,75.85,76.29,75.52,76.03,73.7397188239223,736186.0,0.0,1.0,PNW,73.0462638256919
2024-07-03,75.99,76.3523,75.43,75.52,73.2450817517114,340996.0,0.0,1.0,PNW,73.09885884115631
2024-07-05,75.5,76.3,75.1,75.85,73.5651410337302,1626686.0,0.0,1.0,PNW,73.16063530456232
2024-07-08,75.74,76.51,75.57,76.41,74.1082719365501,1087137.0,0.0,1.0,PNW,73.21076676719021
2024-07-09,76.13,77.48,76.0,77.45,75.1169436132157,939731.0,0.0,1.0,PNW,73.2688195555711
2024-07-10,77.81,78.57,77.1,78.49,76.1256152898812,1183249.0,0.0,1.0,PNW,73.38055073245114
2024-07-11,78.94,80.25,78.93,80.01,77.5998277403923,1010915.0,0.0,1.0,PNW,73.51590494482929
2024-07-12,80.16,80.94,79.79,80.25,77.8325981273151,957100.0,0.0,1.0,PNW,73.6545497642725
2024-07-15,79.67,80.57,79.33,79.59,77.1924795632774,975701.0,0.0,1.0,PNW,73.78487969147609
2024-07-16,80.07,80.8,79.36,80.55,78.1235611109686,1077796.0,0.0,1.0,PNW,73.94413968342687
2024-07-17,81.0,82.56,80.5,82.37,79.8887365451333,1120463.0,0.0,1.0,PNW,74.12012181186701
2024-07-18,81.92,82.9,81.81,82.07,79.5977735614798,772548.0,0.0,1.0,PNW,74.2759525218139
2024-07-19,82.4,82.41,81.27,82.17,79.6947612226976,695868.0,0.0,1.0,PNW,74.41124194086132
2024-07-22,82.17,82.55,81.815,82.47,79.9857242063511,639474.0,0.0,1.0,PNW,74.54658677111482
2024-07-23,82.89,82.89,82.3,82.56,80.0730131014472,664513.0,0.0,1.0,PNW,74.68643118020186
2024-07-24,82.51,84.06,82.47,83.51,80.9943958830166,797879.0,0.0,1.0,PNW,74.8405182632091
2024-07-25,84.02,84.85,83.305,83.59,81.0719860119909,933968.0,0.0,1.0,PNW,75.00111267873844
2024-07-26,84.08,85.0,83.7,84.71,82.1582478176307,492949.0,0.0,1.0,PNW,75.18711126421509
2024-07-29,84.71,85.36,84.1325,85.19,82.6237885914763,658120.0,0.0,1.0,PNW,75.36175924193488
2024-07-30,85.0,85.86,84.87,85.45,82.8759565106427,922789.0,0.0,1.0,PNW,75.54634866167206
2024-07-31,85.56,86.16,84.82,85.59,83.0117392363477,1461969.0,0.0,1.0,PNW,75.71294843457042
2024-08-01,85.99,88.25,85.35,88.07,86.270524653267,1888099.0,0.88,1.0,PNW,75.93054494546399
2024-08-02,88.0,89.39,86.02,88.23,86.4272554803878,1186154.0,0.0,1.0,PNW,76.1389369945509
2024-08-05,88.17,88.23,85.16,85.23,83.4885524718741,1337831.0,0.0,1.0,PNW,76.29648911036051
2024-08-06,85.5,86.3678,85.31,85.32,83.5767135621295,806452.0,0.0,1.0,PNW,76.44920591077306
2024-08-07,85.68,86.49,85.13,85.33,83.5865092388245,769384.0,0.0,1.0,PNW,76.59863920831494
2024-08-08,84.84,85.77,84.67,85.4,83.6550789756899,974021.0,0.0,1.0,PNW,76.73713322755822
2024-08-09,85.57,86.14,84.44,86.0,84.2428195773926,852805.0,0.0,1.0,PNW,76.88760984131198
2024-08-12,85.8,86.27,85.34,85.74,83.9881319833214,657565.0,0.0,1.0,PNW,77.03835867857123
2024-08-13,86.01,86.25,85.32,86.07,84.3113893142579,663090.0,0.0,1.0,PNW,77.19369561690222
2024-08-14,85.88,86.4,85.2,85.7,83.9489492765412,436497.0,0.0,1.0,PNW,77.33473943574465
2024-08-15,85.21,86.24,84.9425,85.95,84.1938411939174,733121.0,0.0,1.0,PNW,77.4753530362962
2024-08-16,86.3,86.61,85.8,86.45,84.6836250286697,749938.0,0.0,1.0,PNW,77.61416760999614
2024-08-19,86.62,87.09,86.42,87.02,85.2419786002872,466319.0,0.0,1.0,PNW,77.76871445006472
2024-08-20,87.08,87.99,86.5,86.68,84.9089255926557,586639.0,0.0,1.0,PNW,77.90834713301943
2024-08-21,86.82,87.36,86.42,87.23,85.4476878108832,729686.0,0.0,1.0,PNW,78.06996622466089
2024-08-22,87.11,87.25,86.58,87.11,85.3301396905427,478051.0,0.0,1.0,PNW,78.24986906967928
2024-08-23,87.44,87.73,86.8,87.06,85.2811613070674,803605.0,0.0,1.0,PNW,78.42366326257482
2024-08-26,87.2,87.86,86.83,87.09,85.3105483371526,790712.0,0.0,1.0,PNW,78.60325011802242
2024-08-27,87.1,87.1,86.065,86.41,84.6444423218895,479785.0,0.0,1.0,PNW,78.78382570643564
2024-08-28,86.7,87.71,86.31,87.02,85.2419786002872,645024.0,0.0,1.0,PNW,78.95385928595674
2024-08-29,87.06,87.52,86.15,87.15,85.3693223973228,748486.0,0.0,1.0,PNW,79.09716336274603
2024-08-30,87.31,87.865,86.72,87.52,85.7317624350395,736113.0,0.0,1.0,PNW,79.27666099865374
2024-09-03,87.52,88.64,87.11,88.3,86.4958252172531,572452.0,0.0,1.0,PNW,79.45158760296569
2024-09-04,88.67,89.12,88.0601,88.55,86.7407171346292,875382.0,0.0,1.0,PNW,79.64376077240223
2024-09-05,89.22,89.63,88.2,88.47,86.6623517210689,1118049.0,0.0,1.0,PNW,79.84405588625407
2024-09-06,88.4,88.77,87.67,87.81,86.0158370591959,804657.0,0.0,1.0,PNW,80.04737647147043
2024-09-09,87.83,89.69,87.83,89.48,87.6517150672685,1384046.0,0.0,1.0,PNW,80.2750485735979
2024-09-10,89.51,90.49,89.2,89.67,87.8378329244743,644448.0,0.0,1.0,PNW,80.4938337665633
2024-09-11,89.33,89.59,88.29,88.97,87.1521355558211,755960.0,0.0,1.0,PNW,80.70030787085726
2024-09-12,88.95,89.26,88.64,89.22,87.3970274731973,673733.0,0.0,1.0,PNW,80.90666462028366
2024-09-13,89.45,90.74,88.76,90.7,88.846787624064,606138.0,0.0,1.0,PNW,81.14313116155043
2024-09-16,91.0,91.49,90.645,91.32,89.4541195791569,901953.0,0.0,1.0,PNW,81.3994050090573
2024-09-17,91.32,91.565,89.52,89.97,88.1317032253257,1176085.0,0.0,1.0,PNW,81.65171348052688
2024-09-18,89.93,90.62,89.4901,90.22,88.3765951427019,993973.0,0.0,1.0,PNW,81.89623944325842
2024-09-19,89.51,90.1,88.27,89.02,87.2011139392964,1038120.0,0.0,1.0,PNW,82.13557202236596
2024-09-20,89.94,90.28,89.2501,90.28,88.4353692028721,3167044.0,0.0,1.0,PNW,82.37729159273053
2024-09-23,90.73,90.99,90.19,90.2,88.3570037893118,934669.0,0.0,1.0,PNW,82.6257252221056
2024-09-24,89.51,90.71,89.19,89.24,87.4166188265874,807393.0,0.0,1.0,PNW,82.85242122019292
2024-09-25,89.95,89.95,88.7,88.95,87.1325442024311,1299921.0,0.0,1.0,PNW,83.0698424181543
2024-09-26,88.63,89.29,88.16,88.45,86.6427603676788,1170723.0,0.0,1.0,PNW,83.27248088153324
2024-09-27,88.85,89.17,88.2,88.27,86.466438187168,1761412.0,0.0,1.0,PNW,83.48259993174325
2024-09-30,88.48,89.77,88.21,88.59,86.7798998414094,1622849.0,0.0,1.0,PNW,83.6929254320253
2024-10-01,88.89,90.91,88.64,90.51,88.6606697668582,1813028.0,0.0,1.0,PNW,83.94156394839864
2024-10-02,89.86,90.86,89.54,89.83,87.9945637515951,891864.0,0.0,1.0,PNW,84.17429657288032
2024-10-03,90.09,90.15,89.22,89.53,87.7006934507437,1051285.0,0.0,1.0,PNW,84.39352917794797
2024-10-04,88.79,88.85,87.235,87.98,86.1823635630116,1359628.0,0.0,1.0,PNW,84.57200369326725
2024-10-07,87.74,87.74,86.66,87.11,85.3301396905427,755816.0,0.0,1.0,PNW,84.72046376424566
2024-10-08,87.51,87.51,86.62,86.69,84.9187212693507,782979.0,0.0,1.0,PNW,84.83851043406757
2024-10-09,86.62,86.8825,85.67,86.19,84.4289374345985,673422.0,0.0,1.0,PNW,84.94490300353989
2024-10-10,86.44,86.69,85.325,85.52,83.7726270960304,660297.0,0.0,1.0,PNW,85.05103441535849
2024-10-11,85.7,86.2,85.6,85.9,84.1448628104421,840079.0,0.0,1.0,PNW,85.14815218470483
2024-10-14,86.16,86.84,85.89,86.53,84.76199044223,954408.0,0.0,1.0,PNW,85.22675305401285
2024-10-15,87.12,87.83,86.85,87.05,85.2713656303724,1247713.0,0.0,1.0,PNW,85.3182626035111
2024-10-16,87.51,87.88,87.1,87.58,85.7905364952098,1947742.0,0.0,1.0,PNW,85.41658155951937
2024-10-17,87.65,87.66,86.96,87.09,85.3105483371526,1487236.0,0.0,1.0,PNW,85.50246581969358
2024-10-18,87.1,88.14,86.4,87.92,86.1235895028414,2483155.0,0.0,1.0,PNW,85.60005576165156
2024-10-21,88.08,88.08,86.93,87.46,85.6729883748692,1060148.0,0.0,1.0,PNW,85.67551693087499
2024-10-22,87.0,88.25,86.79,88.12,86.3195030367423,1544453.0,0.0,1.0,PNW,85.76015430224196
2024-10-23,88.09,89.35,87.82,89.31,87.4851885634527,1651368.0,0.0,1.0,PNW,85.8460727013681
2024-10-24,89.35,89.77,89.01,89.61,87.7790588643041,1260840.0,0.0,1.0,PNW,85.92922222189758
2024-10-25,90.0,90.0,88.03,88.2,86.3978684503026,767267.0,0.0,1.0,PNW,85.98602725318241
2024-10-28,88.5,88.8,88.12,88.23,86.4272554803878,575093.0,0.0,1.0,PNW,86.0411162248605
2024-10-29,87.69,87.69,86.8,87.44,85.6533970214792,948398.0,0.0,1.0,PNW,86.03116255338004
2024-10-30,87.83,87.94,86.82,87.53,85.7415581117346,1646224.0,0.0,1.0,PNW,86.02010291840176
2024-10-31,87.62,88.5,87.52,87.81,86.0158370591959,1216577.0,0.0,1.0,PNW,86.060865573036
2024-11-01,87.9,88.07,85.48,85.83,84.0762930735768,1116874.0,0.0,1.0,PNW,86.0689233070916
2024-11-04,84.67,85.79,84.54,85.71,84.8354580174428,1422326.0,0.895,1.0,PNW,86.08906764223059
2024-11-05,85.43,86.97,85.02,86.71,85.8252545174714,1334330.0,0.0,1.0,PNW,86.12407047354965
2024-11-06,87.87,92.59,87.635,90.1,89.180664652568,3210763.0,0.0,1.0,PNW,86.20371313605249
2024-11-07,89.83,90.285,87.76,89.22,88.3096437325429,2071319.0,0.0,1.0,PNW,86.27341493845927
2024-11-08,89.52,92.13,89.395,91.81,90.8732166676167,1873905.0,0.0,1.0,PNW,86.37925086351345
2024-11-11,91.02,93.12,91.02,91.91,90.9721963176196,1424982.0,0.0,1.0,PNW,86.49252904159536
2024-11-12,92.0,92.21,90.765,90.92,89.9922977825914,2234487.0,0.0,1.0,PNW,86.58605253496108
2024-11-13,91.25,91.595,90.53,91.22,90.2892367325999,1335614.0,0.0,1.0,PNW,86.67646562695994
2024-11-14,91.03,91.51,90.62,90.86,89.9329099925896,988592.0,0.0,1.0,PNW,86.75212581070676
2024-11-15,90.89,92.08,90.53,91.88,90.9425024226187,3587423.0,0.0,1.0,PNW,86.84944156602874
2024-11-18,90.89,92.41,90.56,91.58,90.6455634726101,1707025.0,0.0,1.0,PNW,86.93327827025014
2024-11-19,91.51,91.51,89.87,90.95,90.0219916775922,1372021.0,0.0,1.0,PNW,87.00895330229933
2024-11-20,90.95,91.8,90.54,91.79,90.8534207376161,1269162.0,0.0,1.0,PNW,87.09882845440497
2024-11-21,91.72,93.65,91.47,93.62,92.6647483326683,1074228.0,0.0,1.0,PNW,87.21744458336488
2024-11-22,94.0,94.3797,92.86,92.93,91.9817887476486,1297474.0,0.0,1.0,PNW,87.33578888055455
2024-11-25,93.34,94.04,92.57,92.88,91.9322989226472,1189561.0,0.0,1.0,PNW,87.44369727285068
2024-11-26,93.52,93.81,92.7101,93.8,92.8429117026734,1039248.0,0.0,1.0,PNW,87.5642390358402
2024-11-27,94.35,95.42,93.78,94.52,93.5555651826939,1181283.0,0.0,1.0,PNW,87.69042940273785
2024-11-29,94.88,95.18,93.7,93.7,92.7439320526706,507868.0,0.0,1.0,PNW,87.79120531943813
2024-12-02,94.2,94.2,92.15,92.42,91.4769925326341,918831.0,0.0,1.0,PNW,87.86759685811563
2024-12-03,92.7,92.99,91.25,91.28,90.3486245226016,1020839.0,0.0,1.0,PNW,87.92705287104359
2024-12-04,91.34,92.74,90.7,92.09,91.1503596876247,1271337.0,0.0,1.0,PNW,88.00986775214727
2024-12-05,92.15,93.225,91.45,92.45,91.506686427635,891453.0,0.0,1.0,PNW,88.07204470957255
2024-12-06,92.59,93.09,91.425,91.59,90.6554614376104,746651.0,0.0,1.0,PNW,88.11749033075215
2024-12-09,91.12,91.73,90.38,90.44,89.5171954625777,1049701.0,0.0,1.0,PNW,88.15563645828048
2024-12-10,90.44,90.75,88.91,90.25,89.3291341275722,1105511.0,0.0,1.0,PNW,88.18679946883492
2024-12-11,90.6,90.6,88.673,88.89,87.9830108875335,962801.0,0.0,1.0,PNW,88.17286758598765
2024-12-12,88.7,90.33,88.64,88.71,87.8048475175283,973813.0,0.0,1.0,PNW,88.14626642370331
2024-12-13,88.37,88.835,87.49,87.55,86.6566835774953,1008616.0,0.0,1.0,PNW,88.12247578422219
2024-12-16,87.55,87.59,85.98,86.02,85.1422949324517,1336948.0,0.0,1.0,PNW,88.07030965179878
2024-12-17,85.47,86.982,85.2,86.1,85.221478652454,1232054.0,0.0,1.0,PNW,88.03838005039812
2024-12-18,85.86,86.065,83.97,84.03,83.172599897395,1330671.0,0.0,1.0,PNW,87.95349667450331
2024-12-19,84.05,85.72,84.05,84.6,83.7367839024112,1300565.0,0.0,1.0,PNW,87.87897699890814
2024-12-20,84.36,85.655,84.09,84.96,84.0931106424215,1900565.0,0.0,1.0,PNW,87.8253720281958
2024-12-23,84.91,85.34,84.13,85.0,84.1327025024226,1087831.0,0.0,1.0,PNW,87.77698748464726
2024-12-24,85.24,85.85,84.92,85.61,84.73647836744,359421.0,0.0,1.0,PNW,87.74624100077244
2024-12-26,85.19,85.79,84.84,85.44,84.5682129624352,798089.0,0.0,1.0,PNW,87.71562446488966
2024-12-27,84.77,85.8,84.751,84.95,84.0832126774212,642630.0,0.0,1.0,PNW,87.67212951063179
2024-12-30,84.8,85.1,84.0,84.8,83.9347432024169,731267.0,0.0,1.0,PNW,87.59590488862467
2024-12-31,84.84,85.3581,84.31,84.77,83.9050493074161,599109.0,0.0,1.0,PNW,87.52994497823468
2025-01-02,85.48,85.63,84.08,84.31,83.449742917403,858963.0,0.0,1.0,PNW,87.461381259955
2025-01-03,84.41,85.15,84.085,84.25,83.3903551274012,770096.0,0.0,1.0,PNW,87.41634886583225
2025-01-06,83.8,83.99,82.9,83.09,82.2421911873682,1636585.0,0.0,1.0,PNW,87.36654324481331
2025-01-07,83.07,83.96,82.785,83.2,82.3510688023713,960426.0,0.0,1.0,PNW,87.3251294953459
2025-01-08,82.84,83.87,82.09,83.61,82.756885367383,978292.0,0.0,1.0,PNW,87.29816091361661
2025-01-10,83.02,83.275,81.67,81.76,80.9257618423303,1256772.0,0.0,1.0,PNW,87.25224373210533
2025-01-13,82.14,82.95,81.4733,82.54,81.6978031123525,1047440.0,0.0,1.0,PNW,87.21277502729744
2025-01-14,82.66,83.7,82.54,83.24,82.3906606623725,1110903.0,0.0,1.0,PNW,87.1745277727836
2025-01-15,84.52,84.83,83.79,84.41,83.5487225674058,1069996.0,0.0,1.0,PNW,87.14674320725187
2025-01-16,84.25,86.63,84.23,86.44,85.5580094624637,1229604.0,0.0,1.0,PNW,87.14299277123985
2025-01-17,86.15,87.055,86.15,86.64,85.7559687624694,751159.0,0.0,1.0,PNW,87.15017697164818
2025-01-21,87.34,88.49,87.07,88.0,87.1020920025081,1059190.0,0.0,1.0,PNW,87.1659592700299
2025-01-22,87.48,87.71,85.85,85.96,85.08290714245,1164426.0,0.0,1.0,PNW,87.15644183079732
2025-01-23,86.11,86.16,85.23,85.37,84.4989272074332,1229875.0,0.0,1.0,PNW,87.12707770451816
2025-01-24,84.91,86.1,84.76,85.74,84.8651519124437,1751708.0,0.0,1.0,PNW,87.08481904885672
2025-01-27,86.43,87.53,84.28,87.48,86.5873978224933,1528539.0,0.0,1.0,PNW,87.06559870947268
2025-01-28,87.19,87.945,86.03,86.49,85.6074992874651,914063.0,0.0,1.0,PNW,87.0528508197495
2025-01-29,86.39,87.0,85.83,85.9,85.0235193524483,575967.0,0.0,1.0,PNW,87.03020991446013
2025-01-30,86.75,87.31,86.58,87.13,86.2409690474833,593139.0,0.0,1.0,PNW,87.0396868826215
2025-01-31,86.81,87.27,86.41,86.96,86.0727036424785,1137042.0,0.0,1.0,PNW,87.04502793956898
2025-02-03,85.5,87.06,85.03,86.82,86.82,777540.0,0.895,1.0,PNW,87.05799830958193
2025-02-04,86.36,87.62,85.41,87.12,87.12,1051441.0,0.0,1.0,PNW,87.10709035678232
2025-02-05,87.82,88.635,87.36,88.29,88.29,929732.0,0.0,1.0,PNW,87.16280877585582
2025-02-06,88.48,88.63,87.64,87.75,87.75,557808.0,0.0,1.0,PNW,87.19385305783209
2025-02-07,87.74,88.215,86.84,86.97,86.97,1026407.0,0.0,1.0,PNW,87.15819717633906
2025-02-10,87.13,88.01,86.67,87.83,87.83,698855.0,0.0,1.0,PNW,87.1504609871045
2025-02-11,87.69,89.22,87.16,89.16,89.16,1032726.0,0.0,1.0,PNW,87.12282846020746
2025-02-12,87.79,89.22,87.63,89.01,89.01,1187278.0,0.0,1.0,PNW,87.09118013250391
2025-02-13,89.07,89.665,88.8,89.35,89.35,670755.0,0.0,1.0,PNW,87.08082049084922
2025-02-14,89.56,90.185,89.17,89.26,89.26,1003110.0,0.0,1.0,PNW,87.06421989838793
2025-02-18,89.0,90.03,89.0,89.89,89.89,933824.0,0.0,1.0,PNW,87.06352780173326
2025-02-19,89.85,90.96,89.74,90.4,90.4,675260.0,0.0,1.0,PNW,87.05477776265877
2025-02-20,90.07,91.08,89.4729,90.77,90.77,733425.0,0.0,1.0,PNW,87.0567848034231
2025-02-21,90.55,91.79,90.55,91.58,91.58,1148678.0,0.0,1.0,PNW,87.08191396991354
2025-02-24,91.77,92.56,91.08,92.11,92.11,1194443.0,0.0,1.0,PNW,87.10218137737137
2025-02-25,93.25,93.54,91.935,93.16,93.16,1444951.0,0.0,1.0,PNW,87.11016930748963
2025-02-26,92.44,93.22,91.49,91.64,91.64,1279546.0,0.0,1.0,PNW,87.10465658575335
2025-02-27,91.24,92.27,90.68,90.86,90.86,1119968.0,0.0,1.0,PNW,87.08736144183969
2025-02-28,91.7,92.56,91.14,92.54,92.54,938189.0,0.0,1.0,PNW,87.08247576921592
2025-03-03,92.26,94.27,92.19,94.18,94.18,1290818.0,0.0,1.0,PNW,87.09254729852731
2025-03-04,94.475,94.57,91.77,91.8,91.8,1288899.0,0.0,1.0,PNW,87.07732258800036
2025-03-05,90.96,92.09,90.63,91.04,91.04,1073404.0,0.0,1.0,PNW,87.07027432134498
2025-03-06,90.73,91.02,89.48,90.76,90.76,902493.0,0.0,1.0,PNW,87.0769094096901
2025-03-07,90.82,92.67,90.55,91.99,91.99,1131234.0,0.0,1.0,PNW,87.09045199537358
2025-03-10,92.12,93.62,91.03,92.12,92.12,1283468.0,0.0,1.0,PNW,87.10034414976656
2025-03-11,91.8,92.29,90.665,90.97,90.97,1350857.0,0.0,1.0,PNW,87.10541735238576
2025-03-12,90.55,91.76,90.12,91.23,91.23,966379.0,0.0,1.0,PNW,87.1330432320216
2025-03-13,91.4,92.37,91.16,91.82,91.82,917746.0,0.0,1.0,PNW,87.1732184880285
